1 241 42
2 284 365
3 127 24
4 316 384
5 4 86
6 375 303
7 387 333
8 221 271
9 209 288
10 148 324
11 224 327
12 242 189
13 152 6
14 94 229
15 125 95
16 73 250
17 333 322
18 93 24
19 252 295
20 297 85
21 40 159
22 186 54
23 282 306
24 111 132
25 118 330
26 4 148
27 361 100
28 42 217
29 177 214
30 160 180
31 52 268
32 175 400
33 31 173
34 292 119
35 181 76
36 387 160
37 151 143
38 135 387
39 59 194
40 113 258
41 186 31
42 36 224
43 38 18
44 91 267
45 250 277
46 90 70
47 239 119
48 215 165
49 277 295
50 50 119
51 212 284
52 4 272
53 276 214
54 252 132
55 244 233
56 250 280
57 110 362
58 75 89
59 117 324
60 222 190
61 236 162
62 93 220
63 305 108
64 122 291
65 118 366
66 111 361
67 395 382
68 85 112
69 373 69
70 50 228
71 267 137
72 112 248
73 206 105
74 98 20
75 100 390
76 79 106
77 85 78
78 114 172
79 240 27
80 142 164
81 277 4
82 376 20
83 165 331
84 346 122
85 98 252
86 149 266
87 10 94
88 159 39
89 278 394
90 368 203
91 4 296
92 18 268
93 66 336
94 24 109
95 307 2
96 204 350
97 210 273
98 204 102
99 343 184
100 159 327
101 112 305
102 128 39
103 259 116
104 38 97
105 213 373
106 223 281
107 319 49
108 11 249
109 177 33
110 104 49
111 185 236
112 191 62
113 117 115
114 397 32
115 380 377
116 211 62
117 373 347
118 397 245
119 229 344
120 60 186
121 270 9
122 76 198
123 385 105
124 198 46
125 111 249
126 326 116
127 308 106
128 274 100
129 217 243
130 260 134
131 72 160
132 318 146
133 117 379
134 398 93
135 126 6
136 83 324
137 114 47
138 372 21
139 71 133
140 83 60
141 224 95
142 197 137
143 334 398
144 179 77
145 114 166
146 257 145
147 189 254
148 74 50
149 63 83
150 305 125
151 337 26
152 111 142
153 257 287
154 257 57
155 42 321
156 315 64
157 315 65
158 229 188
159 343 231
160 41 291
161 181 256
162 134 121
163 256 219
164 324 106
165 217 17
166 333 286
167 195 183
168 371 397
169 291 194
170 164 265
171 12 20
172 360 231
173 187 106
174 198 377
175 134 372
176 359 51
177 5 32
178 128 339
179 288 2
180 97 92
181 143 227
182 70 107
183 102 210
184 159 190
185 98 96
186 70 79
187 259 48
188 101 378
189 161 11
190 66 104
191 163 168
192 4 232
193 33 104
194 366 197
195 382 164
196 252 171
197 132 208
198 207 329
199 355 92
200 23 301
201 234 68
202 156 331
203 278 171
204 172 234
205 392 57
206 50 112
207 276 380
208 384 175
209 194 138
210 35 367
211 114 264
212 164 78
213 300 278
214 293 65
215 199 87
216 52 103
217 196 324
218 260 86
219 211 127
220 236 171
221 107 186
222 12 156
223 195 245
224 168 33
225 400 47
226 0 172
227 162 380
228 333 203
229 268 389
230 111 233
231 381 138
232 247 15
233 109 172
234 101 360
235 150 199
236 43 116
237 0 208
238 244 295
239 322 81
240 302 120
241 294 392
242 311 16
243 249 166
244 47 396
245 168 105
246 236 219
247 340 221
248 243 316
249 124 81
250 397 45
251 359 207
252 81 389
253 147 128
254 94 41
255 322 178
256 5 199
257 223 243
258 18 128
259 20 41
260 259 261
261 370 280
262 82 231
263 13 8
264 70 273
265 351 392
266 140 40
267 248 35
268 145 152
269 234 52
270 189 298
271 173 87
272 102 304
273 305 175
274 105 112
275 100 301
276 50 225
277 14 158
278 264 373
279 32 74
280 344 89
281 30 194
282 395 318
283 106 343
284 262 338
285 131 322
286 283 366
287 271 229
288 312 329
289 242 265
290 0 309
291 370 79
292 352 253
293 169 5
294 291 163
295 390 245
296 108 303
297 119 273
298 245 140
299 276 288
300 364 155
301 160 101
302 397 221
303 375 344
304 120 69
305 360 167
306 236 172
307 267 124
308 44 27
309 309 88
310 314 216
311 366 188
312 113 396
313 239 382
314 368 123
315 102 9
316 147 177
317 302 180
318 104 56
319 21 59
320 272 27
321 340 73
322 28 167
323 97 20
324 281 321
325 271 106
326 172 101
327 91 92
328 1 307
329 40 148
330 74 110
331 162 378
332 230 360
333 375 90
334 86 346
335 0 385
336 191 314
337 328 255
338 37 168
339 127 376
340 79 374
341 202 135
342 298 108
343 311 76
344 224 39
345 122 214
346 96 55
347 196 279
348 37 366
349 337 137
350 90 213
351 45 395
352 102 28
353 174 92
354 321 149
355 101 339
356 391 95
357 7 123
358 118 31
359 214 287
360 28 373
361 81 398
362 288 161
363 245 139
364 207 175
365 176 248
366 264 342
367 114 58
368 172 46
369 399 109
370 82 116
371 175 102
372 193 37
373 81 64
374 204 123
375 394 323
376 325 45
377 24 257
378 128 273
379 360 221
380 269 295
381 123 287
382 249 133
383 39 202
384 103 237
385 372 379
386 148 3
387 73 241
388 4 13
389 83 61
390 331 261
391 7 324
392 298 180
393 334 42
394 114 231
395 19 123
396 46 306
397 160 110
398 70 292
399 125 4
400 205 66
401 319 371
402 123 59
403 56 191
404 194 31
405 375 229
406 391 151
407 331 135
408 311 29
409 43 344
410 203 388
411 129 292
412 33 78
413 398 390
414 261 68
415 20 208
416 204 56
417 355 372
418 312 150
419 240 244
420 186 233
421 286 235
422 223 77
423 36 388
424 375 25
425 356 367
426 251 244
427 348 301
428 395 212
429 94 0
430 166 80
431 73 85
432 10 87
433 3 144
434 219 273
435 228 276
436 288 188
437 208 67
438 278 286
439 13 153
440 364 221
441 306 328
442 49 6
443 343 294
444 300 221
445 155 255
446 235 44
447 210 251
448 195 64
449 248 180
450 340 290
451 277 11
452 283 112
453 186 217
454 56 107
455 223 152
456 397 260
457 390 60
458 21 16
459 4 356
460 270 84
461 369 80
462 228 65
463 145 256
464 1 212
465 382 63
466 271 44
467 249 4
468 169 378
469 340 185
470 297 112
471 228 233
472 350 128
473 271 399
474 213 130
475 110 74
476 301 386
477 22 249
478 263 95
479 125 163
480 358 254
481 271 189
482 35 114
483 332 382
484 149 235
485 265 214
486 342 308
487 128 231
488 87 220
489 114 62
490 220 384
491 399 81
492 48 214
493 263 275
494 342 144
495 373 213
496 127 242
497 330 167
498 348 350
499 140 369
500 176 88
501 288 68
502 85 350
503 5 97
504 13 61
505 316 388
506 286 384
507 2 106
508 312 323
509 258 4
510 178 183
511 238 64
512 295 17
513 148 11
514 194 304
515 80 10
516 58 193
517 89 389
518 43 268
519 395 347
520 121 154
521 380 367
522 138 292
523 399 139
524 232 206
525 38 45
526 340 262
527 88 230
528 76 68
529 340 322
530 51 138
531 275 346
532 25 339
533 93 71
534 256 32
535 75 339
536 254 201
537 129 43
538 340 130
539 137 127
540 364 308
541 119 338
542 82 314
543 192 341
544 197 288
545 184 123
546 338 331
547 195 398
548 270 254
549 94 138
550 288 326
551 291 7
552 268 259
553 67 346
554 143 64
555 316 269
556 335 220
557 266 18
558 50 312
559 131 194
560 85 397
561 198 310
562 27 378
563 135 180
564 150 180
565 56 214
566 66 2
567 201 332
568 1 357
569 297 133
570 301 136
571 334 377
572 163 344
573 4 381
574 126 211
575 156 103
576 329 324
577 87 56
578 358 115
579 373 4
580 132 182
581 268 134
582 149 221
583 344 42
584 356 170
585 335 246
586 261 109
587 306 155
588 187 312
589 326 393
590 50 381
591 7 358
592 284 15
593 399 290
594 139 152
595 222 363
596 229 397
597 265 277
598 308 18
599 104 153
600 32 256
601 358 129
602 234 183
603 195 318
604 298 266
605 67 351
606 42 391
607 199 400
608 165 141
609 211 326
610 115 46
611 227 269
612 72 316
613 75 144
614 285 81
615 193 148
616 312 130
617 99 121
618 166 208
619 321 249
620 154 142
621 223 346
622 233 18
623 48 244
624 273 2
625 88 266
626 52 17
627 258 115
628 15 64
629 165 208
630 116 211
631 101 158
632 330 319
633 305 190
634 38 330
635 377 75
636 330 144
637 65 93
638 287 186
639 359 345
640 68 183
641 396 380
642 336 275
643 125 309
644 117 265
645 377 351
646 198 327
647 391 236
648 381 328
649 197 316
650 172 296
651 311 339
652 218 248
653 111 175
654 330 201
655 160 9
656 23 289
657 78 22
658 195 367
659 174 74
660 221 6
661 15 98
662 312 154
663 129 358
664 4 189
665 159 132
666 8 131
667 122 253
668 186 292
669 129 108
670 215 363
671 372 221
672 21 331
673 61 67
674 49 21
675 280 97
676 149 108
677 22 221
678 193 200
679 54 181
680 384 380
681 113 231
682 223 156
683 221 299
684 148 222
685 345 180
686 277 212
687 261 351
688 12 18
689 2 340
690 296 277
691 126 288
692 155 206
693 62 95
694 169 60
695 46 352
696 384 21
697 172 396
698 90 374
699 178 353
700 301 252
701 51 6
702 255 309
703 386 223
704 144 229
705 69 352
706 7 285
707 391 154
708 224 143
709 50 93
710 44 229
711 343 384
712 45 229
713 389 204
714 290 51
715 190 399
716 32 49
717 218 321
718 101 145
719 260 197
720 350 115
721 326 26
722 153 248
723 122 258
724 94 165
725 270 339
726 66 166
727 339 270
728 342 77
729 301 386
730 317 64
731 348 171
732 142 20
733 351 134
734 93 115
735 189 36
736 354 372
737 250 164
738 256 268
739 350 396
740 358 70
741 25 193
742 178 197
743 230 43
744 336 38
745 20 307
746 123 92
747 322 343
748 348 340
749 136 249
750 194 366
751 195 90
752 76 70
753 195 146
754 271 313
755 382 278
756 167 263
757 365 290
758 224 114
759 211 179
760 31 270
761 69 187
762 100 265
763 335 34
764 158 43
765 66 83
766 334 32
767 399 295
768 153 147
769 357 158
770 6 258
771 229 66
772 83 361
773 193 211
774 86 121
775 207 252
776 76 214
777 47 198
778 46 176
779 124 325
780 192 108
781 355 5
782 242 244
783 101 207
784 350 32
785 223 162
786 390 321
787 322 101
788 299 336
789 282 47
790 25 291
791 87 256
792 77 192
793 253 168
794 88 11
795 337 152
796 318 217
797 346 150
798 109 203
799 398 245
800 243 29
801 287 69
802 41 93
803 115 392
804 5 71
805 315 167
806 180 133
807 194 8
808 314 253
809 53 292
810 227 163
811 50 289
812 134 67
813 244 28
814 243 96
815 324 293
816 151 78
817 363 5
818 260 102
819 122 346
820 221 208
821 326 135
822 161 27
823 76 195
824 149 21
825 363 305
826 110 226
827 305 178
828 187 70
829 172 93
830 67 290
831 268 66
832 206 168
833 196 7
834 45 23
835 56 384
836 198 368
837 196 239
838 279 391
839 388 183
840 248 16
841 38 171
842 261 52
843 128 246
844 120 128
845 35 65
846 217 251
847 18 146
848 394 358
849 37 216
850 367 31
851 65 201
852 187 1
853 201 187
854 343 168
855 128 81
856 222 330
857 105 74
858 195 268
859 361 124
860 236 12
861 318 74
862 171 243
863 2 226
864 31 164
865 248 199
866 332 187
867 254 188
868 327 95
869 388 248
870 205 355
871 5 174
872 86 311
873 222 397
874 242 70
875 110 60
876 141 137
877 262 278
878 174 283
879 220 139
880 219 47
881 181 67
882 223 82
883 393 242
884 50 392
885 236 45
886 390 87
887 102 281
888 370 108
889 246 287
890 341 45
891 399 172
892 181 298
893 215 56
894 243 3
895 305 261
896 189 13
897 393 330
898 233 209
899 111 30
900 317 367
901 120 81
902 386 278
903 218 177
904 223 94
905 355 41
906 180 50
907 344 147
908 81 382
909 29 243
910 1 111
911 255 59
912 320 13
913 371 303
914 93 317
915 100 264
916 140 154
917 342 186
918 285 135
919 103 144
920 385 37
921 53 62
922 194 18
923 60 207
924 383 316
925 336 235
926 205 94
927 215 74
928 270 183
929 339 144
930 8 373
931 170 317
932 193 262
933 109 159
934 104 82
935 377 280
936 240 21
937 363 191
938 327 320
939 288 361
940 203 355
941 371 130
942 394 7
943 379 7
944 58 20
945 347 381
946 194 252
947 118 216
948 328 202
949 264 375
950 289 94
951 238 298
952 371 124
953 23 61
954 78 380
955 376 85
956 285 141
957 105 400
958 166 77
959 276 374
960 265 242
961 152 187
962 3 288
963 250 336
964 267 351
965 188 56
966 356 0
967 342 123
968 283 106
969 37 172
970 11 95
971 332 96
972 355 236
973 194 391
974 313 317
975 126 214
976 28 119
977 23 301
978 66 174
979 346 55
980 42 118
981 288 252
982 374 339
983 394 290
984 292 360
985 197 121
986 290 53
987 193 201
988 279 256
989 199 219
990 367 369
991 130 39
992 44 120
993 305 319
994 307 94
995 16 113
996 71 262
997 374 218
998 69 214
999 292 279
1000 363 352
1001 1 74
1002 233 309
1003 230 305
1004 83 76
1005 334 110
1006 368 81
1007 170 33
1008 199 120
1009 355 187
1010 202 212
1011 53 388
1012 282 155
1013 164 50
1014 139 288
1015 355 366
1016 44 320
1017 275 108
1018 53 325
1019 363 354
1020 27 182
1021 16 368
1022 62 236
1023 125 50
1024 12 273
1025 104 229
1026 194 276
1027 94 165
1028 296 218
1029 1 206
1030 265 138
1031 27 181
1032 361 374
1033 267 346
1034 66 388
1035 77 219
1036 34 351
1037 386 281
1038 392 60
1039 265 250
1040 200 65
1041 381 34
1042 120 321
1043 398 91
1044 267 113
1045 107 310
1046 286 106
1047 185 65
1048 122 135
1049 239 112
1050 357 204
1051 366 132
1052 99 147
1053 369 17
1054 1 264
1055 172 320
1056 255 193
1057 317 29
1058 159 27
1059 151 320
1060 99 240
1061 327 231
1062 334 71
1063 76 156
1064 338 89
1065 208 5
1066 34 219
1067 157 256
1068 392 303
1069 295 136
1070 121 292
1071 142 281
1072 197 217
1073 109 194
1074 89 22
1075 99 55
1076 91 67
1077 261 173
1078 206 56
1079 340 165
1080 125 20
1081 393 234
1082 341 39
1083 238 276
1084 246 217
1085 43 253
1086 396 324
1087 360 66
1088 14 346
1089 244 161
1090 103 360
1091 320 391
1092 59 368
1093 249 334
1094 385 237
1095 212 27
1096 281 217
1097 309 180
1098 37 357
1099 227 62
1100 137 17
1101 231 93
1102 248 158
1103 277 78
1104 397 51
1105 150 394
1106 76 335
1107 390 195
1108 126 219
1109 4 148
1110 374 382
1111 199 33
1112 175 79
1113 91 192
1114 253 75
1115 150 100
1116 266 49
1117 271 315
1118 103 357
1119 206 7
1120 313 288
1121 296 220
1122 288 36
1123 125 8
1124 383 133
1125 110 189
1126 265 207
1127 62 303
1128 214 274
1129 40 205
1130 210 230
1131 280 279
1132 250 214
1133 144 150
1134 176 249
1135 174 101
1136 41 369
1137 371 305
1138 213 207
1139 72 303
1140 221 306
1141 258 86
1142 144 162
1143 163 37
1144 91 334
1145 118 314
1146 126 128
1147 172 94
1148 286 117
1149 81 345
1150 347 32
1151 28 272
1152 363 287
1153 11 282
1154 46 58
1155 336 309
1156 393 382
1157 126 22
1158 287 81
1159 17 202
1160 135 317
1161 270 316
1162 69 69
1163 7 267
1164 53 109
1165 222 105
1166 319 38
1167 23 247
1168 315 246
1169 291 304
1170 249 8
1171 79 204
1172 267 313
1173 346 75
1174 10 143
1175 245 184
1176 347 249
1177 355 400
1178 54 157
1179 391 280
1180 223 390
1181 67 328
1182 203 39
1183 113 292
1184 283 32
1185 195 85
1186 45 292
1187 215 2
1188 292 168
1189 230 93
1190 322 197
1191 38 136
1192 73 138
1193 128 320
1194 56 227
1195 264 80
1196 386 56
1197 313 220
1198 41 341
1199 336 248
1200 65 57
1201 301 323
1202 137 315
1203 165 210
1204 340 290
1205 87 51
1206 166 95
1207 375 19
1208 351 365
1209 294 318
1210 39 119
1211 116 380
1212 203 375
1213 155 209
1214 91 238
1215 344 178
1216 268 20
1217 22 393
1218 125 364
1219 141 173
1220 354 78
1221 228 306
1222 72 232
1223 174 114
1224 283 181
1225 258 164
1226 375 227
1227 376 364
1228 47 68
1229 363 43
1230 337 120
1231 269 77
1232 372 148
1233 340 367
1234 247 205
1235 118 72
1236 176 367
1237 238 131
1238 334 265
1239 345 73
1240 297 162
1241 221 317
1242 55 162
1243 336 80
1244 197 288
1245 347 238
1246 396 267
1247 227 92
1248 190 153
1249 161 143
1250 264 188
1251 196 257
1252 16 132
1253 91 175
1254 84 382
1255 396 147
1256 63 347
1257 232 110
1258 165 53
1259 241 347
1260 290 253
1261 306 88
1262 368 41
1263 169 107
1264 19 144
1265 190 56
1266 125 386
1267 251 289
1268 153 284
1269 79 377
1270 27 106
1271 335 231
1272 250 272
1273 101 106
1274 82 42
1275 238 177
1276 275 103
1277 399 338
1278 208 346
1279 244 196
1280 96 35
1281 57 197
1282 74 165
1283 271 368
1284 66 121
1285 142 318
1286 328 301
1287 52 325
1288 119 341
1289 136 343
1290 282 48
1291 125 26
1292 152 190
1293 285 165
1294 258 27
1295 237 45
1296 159 19
1297 253 237
1298 286 214
1299 157 27
1300 289 132
1301 109 329
1302 315 341
1303 76 82
1304 195 274
1305 223 207
1306 82 255
1307 229 95
1308 45 120
1309 46 347
1310 246 115
1311 231 349
1312 47 390
1313 331 154
1314 399 264
1315 340 259
1316 295 8
1317 45 183
1318 165 168
1319 78 149
1320 247 40
1321 45 255
1322 101 169
1323 188 31
1324 325 70
1325 201 282
1326 386 68
1327 112 141
1328 5 130
1329 47 254
1330 2 378
1331 243 117
1332 284 300
1333 236 44
1334 7 130
1335 129 0
1336 45 142
1337 380 233
1338 325 339
1339 274 74
1340 54 60
1341 50 257
1342 314 10
1343 62 2
1344 305 153
1345 259 167
1346 248 228
1347 281 232
1348 275 276
1349 216 148
1350 362 255
1351 336 142
1352 85 203
1353 273 34
1354 279 262
1355 360 146
1356 89 11
1357 138 225
1358 343 261
1359 284 10
1360 347 148
1361 148 18
1362 113 340
1363 33 99
1364 354 204
1365 151 31
1366 99 204
1367 158 318
1368 321 243
1369 324 98
1370 352 152
1371 331 63
1372 314 257
1373 358 91
1374 103 367
1375 260 253
1376 36 124
1377 398 77
1378 152 13
1379 65 362
1380 305 120
1381 344 155
1382 92 379
1383 58 398
1384 320 69
1385 149 99
1386 238 49
1387 382 228
1388 106 7
1389 34 187
1390 148 223
1391 360 105
1392 15 313
1393 394 287
1394 340 154
1395 121 247
1396 120 112
1397 222 66
1398 2 195
1399 71 35
1400 225 250
1401 71 7
1402 80 94
1403 182 208
1404 75 31
1405 115 19
1406 72 180
1407 400 102
1408 232 366
1409 8 254
1410 281 101
1411 71 13
1412 300 24
1413 240 64
1414 359 228
1415 358 49
1416 199 10
1417 259 313
1418 292 347
1419 229 109
1420 352 3
1421 309 118
1422 172 320
1423 254 72
1424 111 228
1425 141 82
1426 266 253
1427 227 360
1428 46 71
1429 318 73
1430 228 266
1431 126 338
1432 249 4
1433 31 21
1434 168 59
1435 182 47
1436 172 269
1437 257 17
1438 325 358
1439 4 177
1440 351 86
1441 24 244
1442 146 350
1443 201 212
1444 333 358
1445 394 327
1446 256 224
1447 175 275
1448 20 202
1449 299 286
1450 346 304
1451 73 332
1452 232 163
1453 202 166
1454 6 36
1455 318 362
1456 349 244
1457 108 176
1458 26 216
1459 36 252
1460 31 127
1461 43 66
1462 202 57
1463 379 386
1464 296 88
1465 129 226
1466 44 369
1467 7 286
1468 277 54
1469 103 398
1470 229 27
1471 246 365
1472 295 359
1473 336 95
1474 85 59
1475 378 237
1476 276 19
1477 365 10
1478 200 216
1479 382 98
1480 169 228
1481 213 26
1482 320 319
1483 284 170
1484 63 24
1485 378 262
1486 119 140
1487 35 105
1488 52 205
1489 134 168
1490 283 65
1491 183 237
1492 7 23
1493 314 29
1494 342 398
1495 217 355
1496 239 223
1497 316 139
1498 310 141
1499 143 55
1500 144 313
1501 66 386
1502 68 80
1503 375 346
1504 170 41
1505 103 73
1506 198 78
1507 106 126
1508 244 123
1509 178 198
1510 56 361
1511 56 142
1512 353 252
1513 112 86
1514 176 185
1515 186 13
1516 305 299
1517 293 218
1518 391 100
1519 217 378
1520 11 175
1521 227 90
1522 101 214
1523 96 64
1524 233 370
1525 21 138
1526 306 299
1527 129 136
1528 94 226
1529 193 199
1530 169 201
1531 154 225
1532 323 144
1533 144 353
1534 28 168
1535 96 306
1536 124 42
1537 230 185
1538 384 370
1539 131 141
1540 362 239
1541 367 71
1542 254 337
1543 95 29
1544 310 145
1545 85 272
1546 35 388
1547 142 9
1548 269 396
1549 43 29
1550 258 253
1551 43 332
1552 298 203
1553 165 215
1554 328 265
1555 262 292
1556 248 369
1557 373 373
1558 59 217
1559 285 157
1560 314 4
1561 106 90
1562 133 272
1563 21 365
1564 215 342
1565 179 260
1566 210 214
1567 180 206
1568 174 3
1569 252 63
1570 221 296
1571 77 230
1572 39 1
1573 390 377
1574 194 358
1575 220 398
1576 227 27
1577 265 8
1578 85 223
1579 48 250
1580 271 362
1581 1 87
1582 149 332
1583 386 94
1584 216 146
1585 220 123
1586 80 348
1587 113 54
1588 202 227
1589 172 35
1590 29 172
1591 247 136
1592 310 218
1593 347 43
1594 81 301
1595 117 299
1596 80 209
1597 260 177
1598 277 156
1599 254 210
1600 313 311
1601 66 5
1602 107 397
1603 79 105
1604 269 388
1605 384 41
1606 173 13
1607 245 177
1608 144 342
1609 218 368
1610 162 247
1611 149 271
1612 284 161
1613 79 273
1614 227 175
1615 243 68
1616 190 378
1617 312 229
1618 346 361
1619 240 23
1620 13 357
1621 89 21
1622 167 374
1623 171 205
1624 82 396
1625 167 387
1626 223 257
1627 352 357
1628 69 18
1629 170 252
1630 55 144
1631 26 155
1632 195 307
1633 123 200
1634 27 37
1635 390 198
1636 104 129
1637 92 80
1638 57 323
1639 296 221
1640 385 136
1641 20 34
1642 151 199
1643 34 141
1644 284 114
1645 85 179
1646 141 161
1647 213 348
1648 70 352
1649 356 318
1650 44 183
1651 327 253
1652 35 260
1653 16 203
1654 259 377
1655 344 255
1656 251 325
1657 146 87
1658 342 182
1659 281 100
1660 135 267
1661 312 184
1662 21 300
1663 187 388
1664 100 372
1665 158 109
1666 251 214
1667 66 256
1668 55 137
1669 180 0
1670 220 280
1671 216 185
1672 94 322
1673 386 397
1674 78 153
1675 69 13
1676 14 376
1677 10 30
1678 30 1
1679 260 84
1680 363 151
1681 365 31
1682 59 234
1683 326 115
1684 104 23
1685 66 198
1686 335 251
1687 270 82
1688 173 236
1689 316 331
1690 200 217
1691 45 385
1692 8 352
1693 96 375
1694 348 29
1695 177 69
1696 281 48
1697 222 159
1698 141 334
1699 359 199
1700 47 303
1701 90 140
1702 221 61
1703 191 8
1704 151 30
1705 333 131
1706 67 215
1707 347 323
1708 162 137
1709 115 7
1710 358 241
1711 81 89
1712 69 144
1713 177 275
1714 356 181
1715 11 309
1716 56 164
1717 163 233
1718 172 258
1719 200 155
1720 84 338
1721 142 261
1722 249 297
1723 292 210
1724 214 370
1725 223 294
1726 374 391
1727 170 314
1728 363 270
1729 253 242
1730 243 334
1731 316 369
1732 319 77
1733 218 386
1734 187 374
1735 227 265
1736 202 313
1737 84 115
1738 361 163
1739 118 268
1740 44 234
1741 13 363
1742 146 46
1743 308 19
1744 355 54
1745 196 363
1746 346 287
1747 221 134
1748 42 393
1749 36 128
1750 226 356
1751 378 80
1752 374 344
1753 133 36
1754 263 189
1755 5 235
1756 394 136
1757 354 275
1758 162 202
1759 130 22
1760 46 221
1761 226 332
1762 331 398
1763 261 367
1764 48 301
1765 236 106
1766 27 368
1767 195 119
1768 44 273
1769 366 199
1770 294 387
1771 235 301
1772 41 363
1773 109 92
1774 45 64
1775 147 275
1776 107 50
1777 352 267
1778 302 305
1779 354 23
1780 88 5
1781 198 123
1782 363 235
1783 268 8
1784 308 389
1785 211 30
1786 193 217
1787 181 57
1788 164 195
1789 205 47
1790 252 350
1791 97 386
1792 202 9
1793 152 56
1794 366 14
1795 141 351
1796 83 204
1797 193 250
1798 228 293
1799 394 302
1800 287 306
1801 315 171
1802 138 352
1803 361 23
1804 174 100
1805 346 249
1806 332 83
1807 336 278
1808 156 158
1809 71 207
1810 337 90
1811 372 246
1812 24 380
1813 23 87
1814 332 188
1815 213 133
1816 375 288
1817 208 308
1818 113 61
1819 223 160
1820 155 264
1821 322 242
1822 45 148
1823 50 74
1824 274 66
1825 316 338
1826 87 284
1827 160 127
1828 282 247
1829 93 303
1830 139 85
1831 330 80
1832 333 135
1833 3 394
1834 126 67
1835 205 259
1836 358 266
1837 370 357
1838 138 176
1839 141 257
1840 127 312
1841 268 109
1842 275 322
1843 349 346
1844 285 79
1845 220 216
1846 321 314
1847 145 146
1848 126 275
1849 290 86
1850 235 347
1851 231 101
1852 188 370
1853 99 176
1854 359 34
1855 222 156
1856 394 222
1857 286 353
1858 17 2
1859 157 180
1860 329 58
1861 133 74
1862 168 229
1863 172 1
1864 252 175
1865 257 119
1866 24 91
1867 232 231
1868 271 138
1869 110 238
1870 271 130
1871 346 302
1872 286 249
1873 308 381
1874 32 393
1875 28 158
1876 49 148
1877 294 278
1878 215 221
1879 361 373
1880 52 164
1881 342 302
1882 69 267
1883 283 278
1884 168 242
1885 215 381
1886 227 391
1887 119 41
1888 216 74
1889 267 61
1890 250 94
1891 116 53
1892 302 288
1893 265 271
1894 191 35
1895 388 49
1896 150 272
1897 144 255
1898 198 172
1899 220 78
1900 181 210
1901 256 7
1902 85 197
1903 240 337
1904 323 144
1905 256 14
1906 166 56
1907 58 267
1908 323 300
1909 85 195
1910 115 102
1911 321 245
1912 110 228
1913 318 107
1914 74 208
1915 48 183
1916 108 233
1917 45 297
1918 377 378
1919 250 161
1920 331 255
1921 111 32
1922 3 51
1923 54 216
1924 325 185
1925 209 390
1926 316 380
1927 151 99
1928 380 342
1929 212 133
1930 287 193
1931 287 7
1932 1 181
1933 339 271
1934 31 119
1935 32 226
1936 326 301
1937 85 363
1938 46 348
1939 79 88
1940 105 142
1941 384 86
1942 138 228
1943 287 16
1944 15 397
1945 178 299
1946 219 74
1947 283 374
1948 337 395
1949 268 67
1950 323 232
1951 103 322
1952 360 325
1953 342 53
1954 158 387
1955 248 63
1956 64 128
1957 236 329
1958 251 186
1959 371 158
1960 361 279
1961 82 194
1962 272 153
1963 70 16
1964 340 198
1965 170 160
1966 383 56
1967 193 1
1968 238 155
1969 118 105
1970 214 178
1971 152 8
1972 88 241
1973 385 26
1974 124 352
1975 30 247
1976 334 172
1977 99 246
1978 305 20
1979 285 43
1980 185 310
1981 34 304
1982 261 310
1983 176 251
1984 319 257
1985 204 297
1986 382 18
1987 130 141
1988 155 291
1989 32 258
1990 296 344
1991 22 40
1992 219 290
1993 311 177
1994 96 311
1995 83 36
1996 308 399
1997 128 276
1998 102 114
1999 244 141
2000 185 6
2001 78 196
2002 227 224
2003 320 126
2004 304 169
2005 29 235
2006 378 340
2007 300 176
2008 256 108
2009 36 298
2010 11 51
2011 50 262
2012 69 186
2013 9 345
2014 355 196
2015 117 99
2016 85 275
2017 147 65
2018 103 7
2019 126 89
2020 264 325
2021 304 132
2022 365 130
2023 7 170
2024 281 221
2025 196 309
2026 21 94
2027 65 25
2028 4 281
2029 336 380
2030 228 63
2031 78 139
2032 368 113
2033 49 395
2034 221 256
2035 251 29
2036 172 51
2037 62 385
2038 130 342
2039 321 351
2040 160 242
2041 60 279
2042 341 48
2043 395 132
2044 73 324
2045 379 37
2046 271 146
2047 376 381
2048 123 370
2049 314 95
2050 256 158
2051 302 286
2052 120 212
2053 217 99
2054 31 355
2055 70 28
2056 116 271
2057 8 191
2058 88 339
2059 114 360
2060 270 298
2061 34 183
2062 260 100
2063 172 243
2064 305 96
2065 366 161
2066 127 394
2067 64 81
2068 36 165
2069 6 47
2070 193 153
2071 141 392
2072 219 211
2073 147 164
2074 210 277
2075 17 83
2076 23 209
2077 85 232
2078 78 329
2079 57 283
2080 11 5
2081 15 327
2082 299 36
2083 16 253
2084 117 289
2085 270 81
2086 32 99
2087 291 308
2088 135 280
2089 113 208
2090 144 319
2091 290 274
2092 24 399
2093 30 377
2094 206 94
2095 298 103
2096 226 66
2097 153 306
2098 134 333
2099 29 368
2100 224 183
2101 8 1
2102 76 26
2103 129 84
2104 292 131
2105 133 77
2106 74 358
2107 5 379
2108 254 84
2109 207 147
2110 266 374
2111 153 344
2112 189 206
2113 277 126
2114 320 313
2115 290 37
2116 336 92
2117 185 274
2118 120 36
2119 178 331
2120 33 128
2121 291 332
2122 57 349
2123 12 75
2124 391 206
2125 360 355
2126 53 397
2127 324 109
2128 65 146
2129 217 329
2130 345 360
2131 13 303
2132 278 110
2133 282 346
2134 60 265
2135 108 301
2136 312 33
2137 109 351
2138 63 176
2139 20 260
2140 196 273
2141 226 317
2142 338 225
2143 65 162
2144 163 310
2145 360 172
2146 207 337
2147 277 3
2148 355 228
2149 318 244
2150 157 381
2151 114 218
2152 253 202
2153 169 57
2154 74 88
2155 304 171
2156 242 30
2157 345 177
2158 283 324
2159 75 28
2160 256 263
2161 52 115
2162 13 309
2163 117 272
2164 67 259
2165 84 143
2166 133 45
2167 375 245
2168 221 107
2169 342 76
2170 145 95
2171 52 212
2172 0 284
2173 220 117
2174 219 110
2175 146 61
2176 272 285
2177 165 349
2178 343 134
2179 158 106
2180 78 331
2181 83 11
2182 28 233
2183 238 355
2184 323 134
2185 325 324
2186 319 238
2187 289 37
2188 291 270
2189 215 310
2190 87 119
2191 245 230
2192 127 245
2193 262 347
2194 76 150
2195 95 309
2196 273 222
2197 70 354
2198 223 17
2199 365 59
2200 168 180
2201 17 126
2202 248 349
2203 299 100
2204 128 115
2205 196 155
2206 98 14
2207 271 387
2208 369 365
2209 355 258
2210 90 176
2211 353 67
2212 119 231
2213 324 62
2214 237 391
2215 163 61
2216 122 316
2217 283 213
2218 252 1
2219 179 261
2220 112 189
2221 202 184
2222 212 235
2223 140 134
2224 215 52
2225 40 284
2226 65 77
2227 16 256
2228 113 128
2229 158 204
2230 259 241
2231 181 59
2232 66 204
2233 46 19
2234 94 57
2235 191 365
2236 157 67
2237 124 390
2238 75 98
2239 184 192
2240 262 396
2241 69 398
2242 32 78
2243 320 165
2244 240 343
2245 262 173
2246 332 227
2247 59 71
2248 116 147
2249 393 224
2250 280 398
2251 98 209
2252 277 281
2253 72 284
2254 15 91
2255 151 248
2256 3 396
2257 233 182
2258 101 113
2259 124 268
2260 194 266
2261 359 202
2262 286 258
2263 244 340
2264 303 127
2265 209 301
2266 76 29
2267 301 237
2268 171 220
2269 269 34
2270 308 33
2271 105 163
2272 238 340
2273 215 109
2274 370 228
2275 114 19
2276 167 30
2277 168 299
2278 268 96
2279 289 132
2280 314 26
2281 18 171
2282 371 256
2283 229 152
2284 203 333
2285 169 50
2286 141 391
2287 347 65
2288 389 234
2289 42 351
2290 47 82
2291 123 392
2292 206 274
2293 225 302
2294 28 332
2295 326 181
2296 78 69
2297 290 267
2298 246 373
2299 195 99
2300 127 272
2301 95 339
2302 270 100
2303 394 329
2304 61 354
2305 185 351
2306 361 159
2307 129 155
2308 267 259
2309 319 398
2310 99 243
2311 107 172
2312 178 240
2313 74 315
2314 123 398
2315 231 133
2316 181 230
2317 350 213
2318 97 190
2319 103 313
2320 378 369
2321 81 383
2322 318 190
2323 326 54
2324 278 365
2325 286 391
2326 319 342
2327 81 250
2328 222 276
2329 189 383
2330 104 1
2331 103 190
2332 277 201
2333 20 66
2334 118 280
2335 262 330
2336 6 195
2337 222 272
2338 258 64
2339 165 186
2340 122 283
2341 78 300
2342 122 104
2343 141 153
2344 275 316
2345 158 270
2346 103 147
2347 342 261
2348 220 122
2349 5 280
2350 55 87
2351 218 227
2352 141 117
2353 283 21
2354 148 289
2355 120 377
2356 176 296
2357 130 164
2358 41 249
2359 245 3
2360 274 233
2361 274 370
2362 151 150
2363 11 116
2364 366 272
2365 121 169
2366 198 170
2367 46 146
2368 176 327
2369 27 289
2370 34 111
2371 271 74
2372 381 146
2373 391 49
2374 89 87
2375 224 299
2376 161 344
2377 44 163
2378 326 129
2379 117 163
2380 153 188
2381 63 237
2382 71 398
2383 156 101
2384 112 356
2385 19 40
2386 293 369
2387 18 372
2388 59 388
2389 10 131
2390 117 60
2391 142 354
2392 167 254
2393 43 156
2394 118 84
2395 364 213
2396 10 238
2397 184 123
2398 63 24
2399 86 216
2400 118 294
2401 88 339
2402 126 148
2403 370 327
2404 310 1
2405 19 381
2406 209 5
2407 400 52
2408 17 52
2409 177 298
2410 344 74
2411 375 191
2412 115 189
2413 192 20
2414 74 216
2415 3 158
2416 106 136
2417 62 79
2418 250 315
2419 375 142
2420 40 194
2421 365 29
2422 364 71
2423 267 91
2424 159 175
2425 348 39
2426 245 309
2427 8 250
2428 3 267
2429 105 319
2430 163 108
2431 378 326
2432 353 148
2433 312 88
2434 392 107
2435 298 264
2436 258 361
2437 245 239
2438 47 308
2439 61 100
2440 135 41
2441 241 181
2442 37 351
2443 231 177
2444 217 324
2445 86 72
2446 288 168
2447 97 218
2448 150 359
2449 389 314
2450 343 280
2451 307 200
2452 48 354
2453 350 92
2454 105 209
2455 182 262
2456 159 272
2457 259 335
2458 90 44
2459 391 221
2460 31 396
2461 222 282
2462 189 337
2463 267 71
2464 387 178
2465 201 115
2466 140 118
2467 127 305
2468 317 218
2469 148 205
2470 251 377
2471 243 377
2472 208 275
2473 60 267
2474 96 314
2475 54 139
2476 344 288
2477 394 388
2478 32 378
2479 131 400
2480 328 254
2481 288 164
2482 137 79
2483 369 146
2484 396 51
2485 110 121
2486 193 183
2487 286 19
2488 340 157
2489 203 355
2490 166 276
2491 164 79
2492 150 384
2493 55 325
2494 355 392
2495 156 338
2496 385 181
2497 146 238
2498 66 305
2499 183 69
2500 213 346
2501 342 109
2502 386 262
2503 118 222
2504 154 54
2505 256 314
2506 309 328
2507 378 17
2508 167 96
2509 118 225
2510 85 308
2511 41 379
2512 238 262
2513 95 205
2514 163 57
2515 297 160
2516 85 377
2517 210 10
2518 106 149
2519 129 78
2520 101 376
2521 59 116
2522 216 300
2523 83 323
2524 213 268
2525 64 85
2526 96 372
2527 366 115
2528 273 223
2529 64 209
2530 242 343
2531 174 142
2532 311 277
2533 44 9
2534 147 193
2535 116 266
2536 276 186
2537 335 384
2538 81 253
2539 5 206
2540 42 54
2541 246 25
2542 79 240
2543 231 102
2544 273 187
2545 349 87
2546 381 240
2547 5 133
2548 72 382
2549 81 298
2550 358 193
2551 81 318
2552 287 78
2553 36 303
2554 41 320
2555 384 222
2556 212 38
2557 87 236
2558 30 0
2559 334 185
2560 291 381
2561 373 25
2562 48 159
2563 137 346
2564 69 339
2565 354 50
2566 163 145
2567 243 169
2568 146 129
2569 170 90
2570 367 319
2571 246 58
2572 288 86
2573 226 174
2574 123 329
2575 24 12
2576 26 328
2577 90 332
2578 30 279
2579 253 356
2580 70 241
2581 262 225
2582 212 363
2583 188 390
2584 291 380
2585 254 66
2586 149 316
2587 241 100
2588 332 312
2589 70 76
2590 324 366
2591 99 188
2592 304 319
2593 22 230
2594 207 154
2595 158 269
2596 248 301
2597 156 243
2598 318 323
2599 191 169
2600 229 220
2601 141 317
2602 164 382
2603 305 257
2604 362 244
2605 248 49
2606 89 32
2607 306 0
2608 35 321
2609 175 314
2610 380 277
2611 253 325
2612 322 310
2613 343 194
2614 178 239
2615 68 273
2616 209 101
2617 116 271
2618 354 15
2619 51 49
2620 246 384
2621 334 152
2622 36 208
2623 153 162
2624 42 232
2625 90 60
2626 363 321
2627 222 262
2628 0 60
2629 4 238
2630 186 223
2631 340 251
2632 126 9
2633 173 122
2634 213 134
2635 247 0
2636 320 188
2637 137 64
2638 92 248
2639 260 200
2640 65 184
2641 233 120
2642 146 61
2643 366 104
2644 116 199
2645 78 218
2646 112 83
2647 83 326
2648 138 320
2649 9 361
2650 98 236
2651 113 97
2652 104 135
2653 255 389
2654 333 331
2655 243 253
2656 248 306
2657 79 196
2658 395 282
2659 31 156
2660 29 175
2661 37 378
2662 144 48
2663 82 399
2664 198 271
2665 282 358
2666 266 341
2667 229 300
2668 269 202
2669 386 397
2670 231 149
2671 84 157
2672 194 63
2673 222 314
2674 322 274
2675 6 285
2676 139 178
2677 13 92
2678 359 398
2679 317 141
2680 11 279
2681 269 372
2682 161 106
2683 339 64
2684 83 214
2685 114 386
2686 124 372
2687 390 235
2688 252 101
2689 236 283
2690 101 270
2691 275 177
2692 352 213
2693 62 183
2694 179 239
2695 348 355
2696 348 151
2697 335 292
2698 158 210
2699 257 332
2700 384 322
2701 154 332
2702 126 68
2703 315 170
2704 167 104
2705 91 178
2706 228 160
2707 393 62
2708 20 55
2709 139 19
2710 56 115
2711 390 375
2712 206 11
2713 399 124
2714 380 242
2715 51 176
2716 202 134
2717 397 202
2718 174 169
2719 191 39
2720 378 101
2721 107 67
2722 359 385
2723 243 53
2724 344 303
2725 137 280
2726 388 299
2727 149 315
2728 257 73
2729 354 186
2730 14 10
2731 162 162
2732 309 336
2733 381 201
2734 43 203
2735 159 107
2736 275 190
2737 297 4
2738 85 141
2739 128 79
2740 321 377
2741 10 391
2742 42 333
2743 305 350
2744 324 152
2745 63 212
2746 5 367
2747 298 314
2748 120 365
2749 373 206
2750 351 5
2751 355 68
2752 64 392
2753 375 226
2754 244 70
2755 125 130
2756 309 363
2757 74 257
2758 210 200
2759 285 47
2760 316 9
2761 255 257
2762 52 85
2763 135 96
2764 372 199
2765 157 354
2766 324 212
2767 299 53
2768 226 319
2769 340 354
2770 235 168
2771 163 223
2772 311 59
2773 101 184
2774 129 225
2775 321 364
2776 375 145
2777 177 304
2778 122 296
2779 377 272
2780 243 283
2781 282 43
2782 192 336
2783 284 151
2784 80 12
2785 281 339
2786 290 134
2787 261 191
2788 278 120
2789 232 388
2790 27 252
2791 197 165
2792 203 364
2793 352 309
2794 169 283
2795 103 337
2796 100 20
2797 116 275
2798 163 28
2799 238 6
2800 135 197
2801 213 11
2802 91 138
2803 280 200
2804 307 192
2805 70 370
2806 87 322
2807 325 314
2808 17 381
2809 348 86
2810 208 84
2811 277 269
2812 325 252
2813 306 251
2814 39 123
2815 194 330
2816 368 67
2817 217 213
2818 325 295
2819 147 118
2820 360 334
2821 254 152
2822 275 62
2823 91 359
2824 101 370
2825 262 44
2826 398 78
2827 305 78
2828 338 99
2829 171 63
2830 203 218
2831 91 312
2832 396 185
2833 31 26
2834 323 356
2835 103 142
2836 394 34
2837 261 324
2838 104 126
2839 32 96
2840 29 214
2841 315 162
2842 295 72
2843 357 235
2844 147 237
2845 276 383
2846 116 207
2847 376 298
2848 309 125
2849 323 270
2850 254 261
2851 386 41
2852 176 48
2853 78 362
2854 42 28
2855 128 131
2856 120 210
2857 7 331
2858 389 169
2859 282 314
2860 380 21
2861 194 389
2862 344 324
2863 16 114
2864 283 387
2865 78 170
2866 306 190
2867 348 72
2868 159 287
2869 215 110
2870 0 90
2871 281 330
2872 40 322
2873 124 345
2874 53 159
2875 59 296
2876 302 238
2877 128 135
2878 19 128
2879 205 294
2880 324 381
2881 348 367
2882 253 341
2883 134 64
2884 396 161
2885 9 10
2886 237 340
2887 365 322
2888 258 87
2889 261 222
2890 119 71
2891 220 163
2892 383 371
2893 22 310
2894 199 139
2895 326 44
2896 168 155
2897 393 326
2898 32 214
2899 22 162
2900 262 104
2901 161 208
2902 374 139
2903 98 313
2904 350 301
2905 342 382
2906 163 91
2907 333 351
2908 120 315
2909 320 282
2910 174 60
2911 337 138
2912 242 399
2913 102 324
2914 229 295
2915 381 325
2916 75 307
2917 61 204
2918 227 192
2919 299 374
2920 90 61
2921 109 107
2922 247 165
2923 9 215
2924 259 363
2925 65 27
2926 151 308
2927 229 376
2928 31 316
2929 387 156
2930 180 171
2931 278 170
2932 368 251
2933 284 155
2934 149 301
2935 353 147
2936 191 173
2937 131 53
2938 115 313
2939 47 198
2940 282 154
2941 11 385
2942 170 126
2943 173 291
2944 71 286
2945 265 32
2946 302 87
2947 98 369
2948 90 88
2949 223 281
2950 18 385
2951 202 147
2952 142 121
2953 152 235
2954 232 58
2955 312 364
2956 72 142
2957 26 114
2958 37 183
2959 324 204
2960 37 381
2961 257 358
2962 339 269
2963 11 89
2964 395 74
2965 157 344
2966 376 222
2967 274 66
2968 141 191
2969 113 10
2970 268 64
2971 121 304
2972 303 150
2973 53 269
2974 301 317
2975 333 293
2976 377 258
2977 316 380
2978 206 88
2979 170 73
2980 81 154
2981 42 128
2982 54 233
2983 231 195
2984 254 181
2985 16 152
2986 62 204
2987 342 197
2988 305 393
2989 162 90
2990 150 132
2991 42 371
2992 255 162
2993 22 153
2994 153 214
2995 84 309
2996 384 395
2997 280 188
2998 387 139
2999 104 2
3000 50 51
3001 183 146
3002 11 159
3003 184 357
3004 23 243
3005 158 183
3006 223 388
3007 111 213
3008 66 395
3009 235 93
3010 68 59
3011 320 353
3012 98 58
3013 240 10
3014 107 257
3015 224 245
3016 247 127
3017 356 33
3018 194 241
3019 340 82
3020 45 5
3021 242 117
3022 20 231
3023 297 113
3024 92 258
3025 218 259
3026 336 389
3027 380 287
3028 40 102
3029 16 372
3030 29 22
3031 293 84
3032 10 269
3033 239 266
3034 171 145
3035 273 331
3036 253 398
3037 353 30
3038 193 273
3039 151 205
3040 262 119
3041 332 100
3042 206 181
3043 39 78
3044 181 326
3045 283 207
3046 24 194
3047 389 64
3048 329 374
3049 245 394
3050 207 74
3051 206 117
3052 107 320
3053 139 223
3054 249 376
3055 55 225
3056 252 287
3057 324 57
3058 230 9
3059 225 388
3060 389 368
3061 151 70
3062 10 211
3063 338 344
3064 237 94
3065 372 298
3066 85 94
3067 36 387
3068 359 353
3069 296 354
3070 91 344
3071 16 257
3072 171 21
3073 275 258
3074 72 53
3075 135 150
3076 264 131
3077 290 55
3078 290 206
3079 235 107
3080 167 161
3081 229 41
3082 231 172
3083 336 332
3084 50 113
3085 337 389
3086 150 248
3087 299 363
3088 211 248
3089 301 165
3090 352 148
3091 81 240
3092 293 54
3093 100 369
3094 347 293
3095 193 0
3096 339 45
3097 195 319
3098 149 243
3099 299 335
3100 245 382
3101 364 0
3102 148 310
3103 376 307
3104 38 197
3105 284 242
3106 345 168
3107 90 203
3108 169 105
3109 177 301
3110 234 223
3111 233 295
3112 280 159
3113 386 53
3114 315 274
3115 97 171
3116 140 194
3117 14 41
3118 245 84
3119 243 150
3120 135 165
3121 267 100
3122 0 139
3123 249 103
3124 200 273
3125 387 113
3126 131 397
3127 94 392
3128 240 55
3129 186 211
3130 71 400
3131 211 370
3132 98 118
3133 262 336
3134 305 102
3135 297 73
3136 79 48
3137 190 151
3138 45 166
3139 214 317
3140 48 2
3141 170 226
3142 380 229
3143 345 159
3144 245 356
3145 247 344
3146 82 95
3147 226 400
3148 95 329
3149 126 126
3150 290 250
3151 336 198
3152 150 397
3153 123 313
3154 392 325
3155 249 165
3156 110 141
3157 38 327
3158 348 152
3159 379 177
3160 352 127
3161 62 280
3162 105 313
3163 121 287
3164 32 139
3165 57 178
3166 350 206
3167 5 280
3168 158 26
3169 356 43
3170 133 59
3171 230 262
3172 332 53
3173 296 1
3174 53 65
3175 221 107
3176 6 76
3177 335 144
3178 124 58
3179 353 339
3180 283 277
3181 313 299
3182 350 267
3183 91 81
3184 104 235
3185 52 383
3186 204 286
3187 145 315
3188 30 160
3189 336 298
3190 327 151
3191 2 336
3192 156 186
3193 348 166
3194 198 19
3195 392 359
3196 120 383
3197 232 98
3198 14 250
3199 166 274
3200 299 266
3201 169 201
3202 138 135
3203 1 234
3204 355 347
3205 62 135
3206 269 44
3207 43 72
3208 245 117
3209 49 196
3210 318 271
3211 312 196
3212 313 326
3213 134 112
3214 325 122
3215 197 388
3216 288 212
3217 234 100
3218 308 322
3219 52 31
3220 382 145
3221 331 282
3222 300 143
3223 328 397
3224 334 295
3225 398 120
3226 317 139
3227 126 276
3228 84 323
3229 331 197
3230 4 54
3231 194 129
3232 51 389
3233 371 207
3234 321 344
3235 200 128
3236 126 75
3237 25 174
3238 253 95
3239 335 9
3240 81 338
3241 386 89
3242 399 168
3243 240 398
3244 4 286
3245 35 65
3246 154 242
3247 2 85
3248 26 318
3249 186 353
3250 359 113
3251 290 188
3252 67 198
3253 129 80
3254 226 330
3255 22 250
3256 272 251
3257 363 130
3258 7 160
3259 361 389
3260 183 33
3261 174 196
3262 103 377
3263 8 7
3264 178 343
3265 105 194
3266 82 252
3267 392 378
3268 235 46
3269 31 122
3270 240 380
3271 303 349
3272 168 136
3273 19 278
3274 279 331
3275 277 211
3276 235 272
3277 76 86
3278 295 177
3279 71 316
3280 255 363
3281 33 353
3282 360 42
3283 229 115
3284 179 172
3285 278 129
3286 46 7
3287 390 199
3288 129 10
3289 36 99
3290 225 352
3291 58 239
3292 281 181
3293 65 398
3294 39 49
3295 81 334
3296 14 263
3297 25 379
3298 355 11
3299 358 38
3300 292 283
3301 333 237
3302 292 234
3303 126 221
3304 289 168
3305 57 57
3306 297 301
3307 197 312
3308 155 255
3309 124 198
3310 181 263
3311 199 255
3312 354 66
3313 394 386
3314 293 9
3315 75 54
3316 37 126
3317 328 370
3318 262 98
3319 366 319
3320 114 227
3321 280 263
3322 11 358
3323 227 108
3324 174 119
3325 292 80
3326 333 70
3327 339 258
3328 358 258
3329 5 328
3330 213 179
3331 286 107
3332 312 343
3333 109 285
3334 99 100
3335 47 127
3336 5 62
3337 93 294
3338 28 37
3339 55 282
3340 364 46
3341 54 23
3342 125 256
3343 118 120
3344 280 187
3345 16 326
3346 41 256
3347 360 290
3348 219 285
3349 323 345
3350 161 205
3351 155 17
3352 317 277
3353 399 386
3354 29 262
3355 351 63
3356 139 145
3357 399 287
3358 400 376
3359 21 62
3360 344 353
3361 49 229
3362 281 399
3363 338 186
3364 344 244
3365 390 9
3366 325 277
3367 27 167
3368 39 182
3369 332 268
3370 234 366
3371 61 379
3372 206 143
3373 250 352
3374 7 93
3375 68 203
3376 184 228
3377 260 158
3378 306 333
3379 380 291
3380 101 105
3381 64 127
3382 317 69
3383 352 185
3384 380 201
3385 150 189
3386 184 37
3387 14 62
3388 260 223
3389 62 244
3390 350 391
3391 346 262
3392 213 297
3393 15 164
3394 267 106
3395 239 246
3396 271 83
3397 362 112
3398 70 238
3399 36 255
3400 212 212
3401 318 191
3402 219 13
3403 152 260
3404 181 214
3405 171 368
3406 16 280
3407 227 328
3408 116 15
3409 49 135
3410 31 94
3411 356 283
3412 116 202
3413 27 346
3414 183 6
3415 335 86
3416 230 306
3417 241 137
3418 301 120
3419 220 305
3420 400 319
3421 142 108
3422 195 10
3423 151 3
3424 389 244
3425 370 261
3426 0 269
3427 69 120
3428 202 123
3429 235 376
3430 361 24
3431 380 29
3432 58 211
3433 59 159
3434 218 143
3435 368 191
3436 132 386
3437 21 304
3438 378 64
3439 45 355
3440 202 25
3441 234 197
3442 194 14
3443 123 181
3444 316 314
3445 167 293
3446 261 147
3447 97 236
3448 122 234
3449 223 99
3450 299 369
3451 218 11
3452 304 81
3453 43 218
3454 251 102
3455 316 139
3456 162 158
3457 260 343
3458 127 365
3459 242 92
3460 396 31
3461 119 122
3462 84 202
3463 329 399
3464 232 117
3465 311 23
3466 112 188
3467 329 99
3468 377 311
3469 126 47
3470 143 101
3471 155 57
3472 225 8
3473 299 373
3474 307 110
3475 246 237
3476 319 47
3477 116 147
3478 370 222
3479 169 323
3480 342 373
3481 3 172
3482 30 349
3483 277 214
3484 97 24
3485 5 255
3486 163 145
3487 73 372
3488 397 190
3489 301 172
3490 263 367
3491 196 302
3492 42 88
3493 335 236
3494 185 370
3495 47 36
3496 384 390
3497 258 122
3498 273 257
3499 265 242
3500 156 192
3501 36 150
3502 70 124
3503 400 36
3504 169 123
3505 154 172
3506 218 326
3507 135 333
3508 239 211
3509 211 365
3510 111 304
3511 2 246
3512 292 230
3513 259 271
3514 59 101
3515 335 288
3516 175 42
3517 24 332
3518 196 192
3519 364 379
3520 314 65
3521 5 26
3522 46 204
3523 307 233
3524 184 52
3525 137 186
3526 156 298
3527 313 3
3528 263 210
3529 332 148
3530 322 78
3531 396 77
3532 210 152
3533 67 323
3534 69 207
3535 43 200
3536 85 205
3537 375 53
3538 234 165
3539 342 4
3540 231 44
3541 47 144
3542 26 330
3543 35 114
3544 236 227
3545 134 286
3546 385 205
3547 215 1
3548 184 123
3549 268 182
3550 277 281
3551 200 237
3552 109 220
3553 106 45
3554 49 29
3555 254 131
3556 60 380
3557 347 13
3558 64 263
3559 399 181
3560 384 49
3561 52 361
3562 258 182
3563 204 180
3564 378 168
3565 76 320
3566 20 148
3567 398 123
3568 251 243
3569 393 364
3570 5 263
3571 23 145
3572 71 181
3573 241 320
3574 211 291
3575 246 338
3576 72 195
3577 209 119
3578 223 301
3579 366 240
3580 28 398
3581 225 197
3582 158 248
3583 82 72
3584 286 258
3585 41 336
3586 121 354
3587 146 95
3588 224 146
3589 321 280
3590 256 371
3591 399 196
3592 309 180
3593 275 323
3594 363 220
3595 221 320
3596 336 363
3597 357 107
3598 276 255
3599 298 266
3600 360 129
3601 298 167
3602 333 236
3603 123 153
3604 25 239
3605 108 118
3606 138 14
3607 248 78
3608 316 282
3609 235 66
3610 47 278
3611 58 78
3612 306 368
3613 371 322
3614 10 370
3615 236 179
3616 230 216
3617 28 224
3618 9 321
3619 305 366
3620 78 175
3621 115 200
3622 127 26
3623 297 327
3624 273 377
3625 88 87
3626 312 223
3627 381 199
3628 53 302
3629 139 25
3630 80 393
3631 137 121
3632 65 240
3633 124 262
3634 229 191
3635 0 53
3636 16 320
3637 304 110
3638 153 113
3639 26 83
3640 77 90
3641 329 178
3642 67 49
3643 342 368
3644 113 246
3645 175 188
3646 236 238
3647 55 331
3648 370 75
3649 385 231
3650 227 67
3651 267 278
3652 218 314
3653 161 278
3654 275 292
3655 218 151
3656 140 158
3657 165 205
3658 241 293
3659 314 380
3660 135 212
3661 312 76
3662 145 304
3663 217 268
3664 283 35
3665 272 109
3666 380 322
3667 172 11
3668 223 132
3669 136 186
3670 282 238
3671 377 197
3672 188 94
3673 270 330
3674 15 396
3675 396 249
3676 185 327
3677 252 196
3678 224 199
3679 3 233
3680 49 151
3681 374 35
3682 54 309
3683 76 283
3684 13 177
3685 118 55
3686 89 66
3687 281 230
3688 387 48
3689 20 116
3690 377 141
3691 337 325
3692 71 33
3693 48 370
3694 13 240
3695 215 161
3696 239 227
3697 322 77
3698 129 221
3699 321 32
3700 2 366
3701 309 328
3702 39 111
3703 368 107
3704 299 310
3705 42 239
3706 235 142
3707 364 264
3708 161 36
3709 252 293
3710 264 276
3711 224 110
3712 294 23
3713 47 79
3714 222 399
3715 27 106
3716 231 223
3717 396 112
3718 181 195
3719 340 212
3720 159 157
3721 393 98
3722 149 176
3723 150 295
3724 159 134
3725 9 287
3726 7 99
3727 246 243
3728 398 11
3729 256 221
3730 44 390
3731 119 68
3732 243 145
3733 254 239
3734 165 8
3735 62 225
3736 3 44
3737 23 259
3738 150 83
3739 28 135
3740 93 33
3741 109 168
3742 393 238
3743 392 61
3744 66 51
3745 68 201
3746 181 160
3747 285 383
3748 206 146
3749 329 287
3750 213 248
3751 274 251
3752 381 49
3753 159 110
3754 174 28
3755 276 171
3756 44 127
3757 84 238
3758 203 132
3759 391 250
3760 340 256
3761 372 192
3762 53 157
3763 369 327
3764 32 333
3765 183 393
3766 47 95
3767 95 253
3768 92 309
3769 87 215
3770 172 64
3771 87 358
3772 0 98
3773 56 88
3774 104 92
3775 248 368
3776 39 208
3777 234 100
3778 214 31
3779 190 279
3780 83 187
3781 53 371
3782 172 23
3783 281 121
3784 59 388
3785 208 332
3786 120 276
3787 390 237
3788 297 84
3789 362 0
3790 123 44
3791 70 95
3792 323 58
3793 8 268
3794 105 379
3795 382 257
3796 361 76
3797 114 375
3798 93 318
3799 43 295
3800 374 177
3801 118 276
3802 259 307
3803 310 203
3804 24 153
3805 185 67
3806 67 142
3807 108 120
3808 242 147
3809 3 162
3810 204 263
3811 312 221
3812 78 286
3813 343 364
3814 365 137
3815 304 114
3816 178 302
3817 372 83
3818 380 394
3819 358 374
3820 191 167
3821 37 205
3822 348 179
3823 248 329
3824 199 210
3825 261 327
3826 39 77
3827 290 145
3828 314 213
3829 360 355
3830 210 356
3831 298 393
3832 163 152
3833 155 293
3834 363 182
3835 199 213
3836 32 375
3837 299 98
3838 118 118
3839 140 20
3840 350 170
3841 164 191
3842 56 30
3843 331 96
3844 289 227
3845 238 292
3846 171 1
3847 262 94
3848 377 363
3849 185 176
3850 162 130
3851 358 280
3852 282 168
3853 200 255
3854 387 261
3855 283 190
3856 178 56
3857 8 100
3858 15 379
3859 106 360
3860 79 289
3861 177 234
3862 179 44
3863 275 207
3864 133 240
3865 193 353
3866 220 92
3867 321 365
3868 91 231
3869 213 150
3870 389 185
3871 356 209
3872 229 179
3873 389 94
3874 8 280
3875 68 193
3876 312 162
3877 39 212
3878 371 306
3879 215 45
3880 320 344
3881 323 260
3882 116 160
3883 191 137
3884 182 34
3885 70 378
3886 20 83
3887 326 329
3888 273 11
3889 106 208
3890 267 82
3891 132 350
3892 204 147
3893 360 185
3894 342 183
3895 84 14
3896 135 117
3897 315 146
3898 395 82
3899 256 197
3900 214 46
3901 280 128
3902 279 200
3903 325 193
3904 280 163
3905 138 185
3906 77 221
3907 141 349
3908 350 61
3909 333 392
3910 252 312
3911 169 375
3912 245 91
3913 209 51
3914 89 257
3915 386 383
3916 54 6
3917 141 299
3918 281 59
3919 231 363
3920 123 81
3921 398 3
3922 275 112
3923 157 300
3924 280 315
3925 327 367
3926 252 121
3927 321 64
3928 234 266
3929 304 329
3930 304 335
3931 362 181
3932 290 123
3933 6 222
3934 37 198
3935 60 289
3936 399 64
3937 379 170
3938 138 174
3939 174 132
3940 341 229
3941 148 398
3942 232 377
3943 24 243
3944 160 399
3945 108 388
3946 10 258
3947 329 109
3948 17 180
3949 384 197
3950 138 323
3951 297 385
3952 250 34
3953 49 155
3954 286 130
3955 384 30
3956 88 163
3957 393 199
3958 67 375
3959 367 293
3960 264 378
3961 126 230
3962 26 153
3963 117 129
3964 73 140
3965 100 55
3966 272 263
3967 367 12
3968 205 192
3969 261 400
3970 178 215
3971 143 334
3972 301 280
3973 31 214
3974 325 126
3975 148 25
3976 135 40
3977 209 178
3978 71 67
3979 32 364
3980 86 385
3981 36 147
3982 383 247
3983 152 167
3984 255 211
3985 327 26
3986 131 67
3987 162 317
3988 50 327
3989 267 82
3990 197 281
3991 136 395
3992 99 103
3993 265 46
3994 176 210
3995 355 14
3996 326 142
3997 171 173
3998 181 183
3999 198 325
4000 251 0
4001 347 302
4002 125 54
4003 109 19
4004 291 346
4005 90 244
4006 39 300
4007 3 147
4008 381 4
4009 216 271
4010 97 66
4011 335 165
4012 244 190
4013 264 301
4014 109 117
4015 263 395
4016 268 179
4017 179 6
4018 100 353
4019 319 331
4020 305 297
4021 1 143
4022 371 125
4023 52 253
4024 176 96
4025 387 102
4026 264 140
4027 315 151
4028 364 397
4029 41 266
4030 323 149
4031 210 78
4032 188 4
4033 276 24
4034 217 293
4035 114 184
4036 318 214
4037 220 255
4038 96 67
4039 200 33
4040 174 83
4041 159 359
4042 49 178
4043 281 336
4044 181 229
4045 293 385
4046 318 258
4047 90 110
4048 374 107
4049 257 230
4050 141 14
4051 147 378
4052 212 319
4053 28 11
4054 302 178
4055 298 225
4056 96 197
4057 101 130
4058 279 201
4059 356 164
4060 282 291
4061 350 299
4062 374 177
4063 397 338
4064 118 259
4065 164 120
4066 177 192
4067 20 142
4068 351 73
4069 112 353
4070 110 388
4071 27 315
4072 243 266
4073 281 197
4074 226 296
4075 96 366
4076 75 13
4077 355 131
4078 236 175
4079 290 270
4080 64 215
4081 116 176
4082 395 232
4083 338 129
4084 96 102
4085 324 289
4086 122 19
4087 397 169
4088 140 42
4089 147 25
4090 165 366
4091 35 180
4092 75 220
4093 141 261
4094 262 266
4095 185 98
4096 211 311
4097 225 75
4098 251 124
4099 392 109
4100 333 182
4101 186 306
4102 277 14
4103 373 359
4104 365 322
4105 111 97
4106 389 22
4107 303 373
4108 60 318
4109 306 60
4110 344 202
4111 23 91
4112 23 277
4113 351 372
4114 24 4
4115 264 9
4116 149 147
4117 239 241
4118 300 288
4119 95 109
4120 283 190
4121 105 182
4122 203 95
4123 213 362
4124 148 23
4125 209 224
4126 387 86
4127 128 266
4128 342 72
4129 310 129
4130 383 46
4131 337 50
4132 339 253
4133 213 272
4134 216 286
4135 382 6
4136 323 341
4137 248 308
4138 304 175
4139 301 219
4140 10 52
4141 30 104
4142 208 240
4143 137 303
4144 307 253
4145 56 357
4146 221 198
4147 210 154
4148 109 132
4149 144 157
4150 348 214
4151 295 80
4152 263 54
4153 231 215
4154 191 218
4155 335 311
4156 196 67
4157 400 104
4158 167 361
4159 62 27
4160 4 127
4161 12 48
4162 141 248
4163 293 156
4164 310 52
4165 287 28
4166 132 107
4167 304 274
4168 248 359
4169 212 270
4170 355 72
4171 225 14
4172 70 155
4173 316 286
4174 118 161
4175 174 392
4176 120 192
4177 298 237
4178 124 337
4179 166 101
4180 90 368
4181 368 110
4182 125 313
4183 18 193
4184 138 45
4185 390 210
4186 215 79
4187 107 202
4188 70 28
4189 390 251
4190 43 191
4191 37 249
4192 240 304
4193 123 110
4194 198 204
4195 324 22
4196 178 287
4197 305 334
4198 279 333
4199 233 126
4200 15 40
4201 237 298
4202 284 84
4203 261 74
4204 333 59
4205 289 161
4206 38 303
4207 3 209
4208 48 200
4209 180 138
4210 91 253
4211 133 66
4212 394 60
4213 158 280
4214 362 386
4215 278 101
4216 318 109
4217 212 178
4218 293 296
4219 224 161
4220 87 372
4221 178 194
4222 99 40
4223 258 357
4224 157 208
4225 173 65
4226 264 41
4227 36 344
4228 175 15
4229 330 55
4230 292 101
4231 213 24
4232 298 5
4233 195 9
4234 151 100
4235 196 184
4236 133 19
4237 347 395
4238 119 344
4239 200 159
4240 331 316
4241 74 137
4242 213 328
4243 76 2
4244 104 378
4245 128 315
4246 252 241
4247 225 389
4248 357 318
4249 59 36
4250 369 284
4251 143 36
4252 163 179
4253 196 382
4254 312 125
4255 67 361
4256 166 25
4257 201 294
4258 194 107
4259 284 222
4260 46 149
4261 188 181
4262 395 178
4263 220 380
4264 333 254
4265 129 390
4266 11 52
4267 13 370
4268 161 220
4269 291 284
4270 201 103
4271 64 156
4272 10 98
4273 385 392
4274 330 135
4275 345 250
4276 344 237
4277 87 249
4278 376 29
4279 19 298
4280 28 158
4281 247 167
4282 361 88
4283 311 18
4284 387 240
4285 221 377
4286 355 23
4287 283 48
4288 345 395
4289 151 251
4290 317 388
4291 142 224
4292 320 366
4293 251 61
4294 26 169
4295 80 125
4296 3 26
4297 331 36
4298 60 142
4299 128 257
4300 354 350
4301 223 34
4302 308 255
4303 280 119
4304 337 396
4305 134 353
4306 12 284
4307 396 246
4308 141 355
4309 184 221
4310 272 201
4311 135 265
4312 384 116
4313 139 228
4314 304 145
4315 330 167
4316 199 38
4317 334 281
4318 145 213
4319 103 1
4320 95 202
4321 248 236
4322 9 313
4323 172 215
4324 187 300
4325 300 272
4326 24 2
4327 16 58
4328 72 326
4329 173 315
4330 178 221
4331 197 224
4332 11 330
4333 256 322
4334 227 283
4335 217 340
4336 242 383
4337 285 75
4338 284 205
4339 394 176
4340 117 358
4341 383 242
4342 318 33
4343 75 225
4344 176 0
4345 78 323
4346 333 176
4347 118 277
4348 358 379
4349 267 113
4350 70 147
4351 386 56
4352 21 335
4353 96 307
4354 373 264
4355 389 58
4356 19 169
4357 3 390
4358 301 379
4359 94 97
4360 236 185
4361 339 87
4362 210 240
4363 115 10
4364 96 98
4365 246 269
4366 102 259
4367 287 276
4368 243 285
4369 307 221
4370 369 1
4371 340 65
4372 85 327
4373 105 124
4374 304 359
4375 136 26
4376 111 255
4377 37 59
4378 166 188
4379 23 363
4380 267 136
4381 227 259
4382 337 133
4383 121 102
4384 262 1
4385 299 256
4386 145 343
4387 219 0
4388 65 330
4389 343 24
4390 202 157
4391 293 272
4392 223 166
4393 213 173
4394 327 357
4395 365 102
4396 261 301
4397 106 284
4398 389 31
4399 224 225
4400 396 341
4401 74 144
4402 172 396
4403 163 24
4404 191 107
4405 3 375
4406 382 345
4407 387 201
4408 22 70
4409 219 359
4410 33 70
4411 195 67
4412 56 315
4413 33 177
4414 23 11
4415 139 138
4416 144 272
4417 391 339
4418 335 221
4419 132 123
4420 269 166
4421 40 90
4422 75 47
4423 215 362
4424 274 344
4425 393 117
4426 63 272
4427 385 293
4428 13 91
4429 396 62
4430 382 362
4431 63 304
4432 93 236
4433 81 63
4434 283 0
4435 126 79
4436 64 32
4437 205 8
4438 237 221
4439 214 235
4440 52 143
4441 252 122
4442 2 93
4443 189 143
4444 282 249
4445 244 400
4446 16 190
4447 188 227
4448 319 360
4449 165 83
4450 351 54
4451 48 234
4452 167 379
4453 50 354
4454 25 25
4455 144 251
4456 70 397
4457 195 111
4458 45 191
4459 325 110
4460 158 47
4461 381 130
4462 33 359
4463 209 275
4464 249 223
4465 368 100
4466 130 204
4467 9 253
4468 171 109
4469 262 241
4470 220 13
4471 36 44
4472 3 390
4473 359 181
4474 400 76
4475 64 224
4476 311 301
4477 95 366
4478 399 316
4479 372 177
4480 249 251
4481 256 200
4482 237 359
4483 220 266
4484 320 229
4485 178 76
4486 353 226
4487 215 268
4488 162 344
4489 16 185
4490 205 101
4491 242 149
4492 388 95
4493 222 377
4494 177 295
4495 386 65
4496 74 123
4497 235 49
4498 102 302
4499 362 113
4500 83 267
4501 19 53
4502 244 16
4503 110 188
4504 390 336
4505 316 35
4506 37 228
4507 243 222
4508 251 99
4509 279 332
4510 265 254
4511 132 159
4512 20 347
4513 193 252
4514 307 40
4515 194 168
4516 164 334
4517 366 160
4518 16 391
4519 49 267
4520 135 114
4521 111 289
4522 328 386
4523 9 371
4524 262 41
4525 43 293
4526 345 357
4527 352 125
4528 267 389
4529 28 187
4530 395 360
4531 273 198
4532 49 384
4533 108 148
4534 183 101
4535 227 391
4536 309 168
4537 173 52
4538 120 55
4539 396 19
4540 351 374
4541 237 32
4542 15 135
4543 40 235
4544 348 17
4545 130 43
4546 64 122
4547 21 146
4548 225 138
4549 285 78
4550 184 254
4551 395 249
4552 386 218
4553 225 143
4554 260 331
4555 82 194
4556 125 41
4557 101 186
4558 196 64
4559 151 53
4560 93 102
4561 207 112
4562 67 305
4563 345 163
4564 176 174
4565 347 187
4566 269 163
4567 256 232
4568 201 153
4569 351 180
4570 192 65
4571 319 135
4572 24 268
4573 214 106
4574 104 199
4575 328 30
4576 128 51
4577 373 40
4578 323 179
4579 362 77
4580 268 137
4581 65 76
4582 47 300
4583 141 143
4584 209 12
4585 94 45
4586 50 150
4587 103 54
4588 86 146
4589 228 181
4590 370 130
4591 236 362
4592 127 388
4593 147 311
4594 203 297
4595 323 39
4596 137 341
4597 139 140
4598 190 110
4599 129 143
4600 46 39
4601 9 280
4602 265 77
4603 33 155
4604 345 319
4605 182 77
4606 224 22
4607 281 144
4608 320 273
4609 318 58
4610 102 278
4611 44 224
4612 89 96
4613 231 260
4614 93 352
4615 295 146
4616 262 153
4617 377 208
4618 115 0
4619 350 242
4620 244 326
4621 314 158
4622 182 42
4623 308 394
4624 126 220
4625 141 343
4626 244 93
4627 123 395
4628 272 257
4629 327 107
4630 197 43
4631 318 383
4632 328 117
4633 313 197
4634 162 375
4635 304 262
4636 336 155
4637 194 275
4638 361 68
4639 21 389
4640 265 295
4641 51 235
4642 73 50
4643 385 248
4644 163 210
4645 319 326
4646 58 27
4647 266 233
4648 244 277
4649 170 137
4650 198 186
4651 258 248
4652 310 380
4653 299 60
4654 172 248
4655 72 23
4656 272 265
4657 141 167
4658 185 347
4659 350 357
4660 60 42
4661 287 176
4662 284 321
4663 4 31
4664 213 165
4665 56 120
4666 150 131
4667 229 50
4668 316 321
4669 133 268
4670 263 362
4671 391 373
4672 34 194
4673 50 34
4674 299 31
4675 219 362
4676 300 314
4677 58 296
4678 131 388
4679 55 56
4680 89 383
4681 270 238
4682 285 239
4683 296 111
4684 342 290
4685 1 50
4686 253 117
4687 389 80
4688 372 146
4689 320 214
4690 60 311
4691 271 245
4692 371 241
4693 301 93
4694 80 261
4695 324 346
4696 259 368
4697 196 307
4698 75 250
4699 45 173
4700 385 295
4701 178 65
4702 84 175
4703 110 274
4704 71 173
4705 262 173
4706 112 400
4707 355 250
4708 167 189
4709 254 40
4710 333 209
4711 18 290
4712 217 174
4713 294 119
4714 89 172
4715 171 326
4716 114 335
4717 97 318
4718 200 299
4719 255 351
4720 123 57
4721 94 343
4722 93 295
4723 232 331
4724 224 49
4725 308 234
4726 370 176
4727 8 256
4728 218 188
4729 84 376
4730 152 144
4731 123 375
4732 327 115
4733 208 359
4734 356 158
4735 366 347
4736 142 217
4737 225 314
4738 358 10
4739 105 68
4740 1 93
4741 71 391
4742 287 94
4743 52 330
4744 344 78
4745 69 228
4746 269 373
4747 243 267
4748 373 173
4749 29 334
4750 254 42
4751 280 125
4752 153 147
4753 183 330
4754 91 295
4755 104 262
4756 382 248
4757 286 129
4758 397 357
4759 170 361
4760 61 169
4761 383 85
4762 321 52
4763 171 360
4764 322 120
4765 158 355
4766 261 267
4767 159 113
4768 246 273
4769 138 330
4770 353 201
4771 256 326
4772 271 379
4773 197 58
4774 276 341
4775 290 292
4776 87 390
4777 398 45
4778 333 5
4779 90 304
4780 80 177
4781 41 88
4782 348 202
4783 32 59
4784 152 265
4785 88 262
4786 149 282
4787 179 87
4788 236 247
4789 327 285
4790 179 153
4791 227 370
4792 266 321
4793 191 158
4794 338 203
4795 150 275
4796 51 226
4797 124 314
4798 308 22
4799 327 3
4800 226 78
4801 15 32
4802 322 235
4803 85 394
4804 312 33
4805 265 170
4806 204 361
4807 232 184
4808 78 52
4809 283 220
4810 74 18
4811 6 205
4812 199 230
4813 313 314
4814 119 210
4815 364 24
4816 48 177
4817 126 93
4818 166 90
4819 125 235
4820 148 176
4821 313 201
4822 179 254
4823 204 177
4824 318 219
4825 177 14
4826 242 346
4827 244 113
4828 124 299
4829 66 222
4830 317 342
4831 103 121
4832 33 95
4833 285 288
4834 325 256
4835 275 34
4836 201 95
4837 52 317
4838 132 246
4839 23 372
4840 398 65
4841 262 292
4842 358 198
4843 97 278
4844 88 183
4845 267 124
4846 12 266
4847 359 94
4848 249 335
4849 225 152
4850 371 96
4851 39 178
4852 276 210
4853 163 60
4854 372 137
4855 137 69
4856 395 23
4857 366 240
4858 13 21
4859 281 383
4860 365 150
4861 21 232
4862 71 292
4863 357 246
4864 62 90
4865 173 380
4866 382 363
4867 156 196
4868 220 359
4869 373 161
4870 331 118
4871 45 94
4872 334 121
4873 91 160
4874 325 181
4875 111 83
4876 236 190
4877 172 233
4878 343 51
4879 260 400
4880 163 64
4881 337 43
4882 135 346
4883 163 29
4884 235 395
4885 107 306
4886 105 122
4887 171 234
4888 36 102
4889 391 44
4890 36 183
4891 158 183
4892 211 55
4893 227 302
4894 53 75
4895 389 182
4896 327 58
4897 313 52
4898 118 344
4899 162 228
4900 384 252
4901 93 59
4902 70 336
4903 4 77
4904 392 226
4905 197 322
4906 226 136
4907 75 330
4908 293 95
4909 53 242
4910 287 133
4911 101 335
4912 231 379
4913 126 282
4914 6 337
4915 136 35
4916 279 64
4917 396 274
4918 244 117
4919 137 394
4920 30 75
4921 391 97
4922 169 63
4923 103 37
4924 278 78
4925 247 370
4926 334 137
4927 283 268
4928 245 322
4929 359 377
4930 111 157
4931 100 293
4932 97 49
4933 67 11
4934 167 129
4935 282 112
4936 165 74
4937 211 381
4938 93 165
4939 165 331
4940 7 140
4941 209 330
4942 355 326
4943 278 351
4944 209 340
4945 368 114
4946 330 229
4947 327 177
4948 189 265
4949 165 151
4950 73 85
4951 115 253
4952 193 45
4953 33 150
4954 15 384
4955 112 105
4956 362 26
4957 293 292
4958 153 73
4959 272 108
4960 151 276
4961 220 335
4962 84 81
4963 389 15
4964 369 370
4965 279 302
4966 5 125
4967 158 123
4968 66 298
4969 10 269
4970 329 388
4971 28 272
4972 317 286
4973 301 338
4974 397 50
4975 261 318
4976 338 99
4977 381 246
4978 74 240
4979 77 23
4980 44 232
4981 84 346
4982 215 150
4983 232 186
4984 189 113
4985 192 172
4986 119 143
4987 248 139
4988 101 332
4989 288 136
4990 40 384
4991 330 389
4992 275 222
4993 261 177
4994 368 146
4995 115 218
4996 133 28
4997 137 194
4998 160 126
4999 53 187
5000 171 26
